0 0.0339435230304 0.844648246133
1 0.911841370372 0.754256675433
1 0.984068083307 0.403032326569
0 0.380999064638 0.573433555622
1 0.82871024082 0.178440629769
0 0.402102412444 0.570224916873
1 0.542372827575 0.230969308329
0 0.576557805128 0.75795405064
0 0.642067429257 0.773438978782
0 0.0863273933283 0.906619998406
0 0.344328448785 0.546180980109
1 0.692361398249 0.585544660721
1 0.79065192112 0.491057983337
1 0.37779266829 0.0717631729841
1 0.959332949805 0.837877237267
0 0.132338917156 0.968900896047
1 0.790102355918 0.66666273671
0 0.69319951246 0.817244132585
1 0.162688446981 0.232940099472
0 0.235501429357 0.779005558094
1 0.373335735681 0.289818847847
0 0.0638622115774 0.0678784461254
0 0.083036698868 0.649487624806
1 0.937054473016 0.130618312868
0 0.322312856942 0.93914040149
1 0.402130420728 0.476918270615
1 0.949469368753 0.665339543274
1 0.755151301147 0.480747332836
0 0.203203803968 0.357658070439
0 0.38801124023 0.352077889914
1 0.673504274988 0.648730146398
1 0.46557178656 0.445532532286
1 0.967678412665 0.94614346899
1 0.902850344998 0.393202207167
1 0.423733760342 0.0716721603034
1 0.40211140093 0.246893589942
1 0.735774047217 0.621492191772
0 0.418918847747 0.623117163743
1 0.832709150266 0.249356848661
1 0.862382325382 0.0302608227759
1 0.109713002592 0.00305709278206
0 0.365827934118 0.690165348755
1 0.511896685924 0.269744812731
1 0.826687767748 0.823681119053
1 0.595523144182 0.156587142175
0 0.0267726402454 0.434626340964
0 0.238775543736 0.509108558499
0 0.234693802407 0.470457507877
0 0.762840638497 0.845102250205
0 0.167438996997 0.610117372038
1 0.932713687798 0.0234000159491
0 0.641543950072 0.745369299107
0 0.460568576863 0.634809329255
1 0.987399516325 0.382985646776
0 0.111586416269 0.281360143963
0 0.602960857016 0.654204451011
1 0.818140232617 0.115915613084
1 0.253818081224 0.309546516774
1 0.201710858382 0.0695272890003
1 0.706900638087 0.399745664384
1 0.0473755654562 0.0299325747971
1 0.380263027859 0.364017120145
0 0.256631023782 0.283661779202
0 0.492195333779 0.702814989528
1 0.723837781193 0.600090823145
0 0.605456117939 0.722273224259
1 0.895087900859 0.639427042051
0 0.841328743981 0.921533032014
0 0.886196338116 0.925697185445
1 0.750441245453 0.200486208143
0 0.0866480350275 0.684474052781
0 0.356681983175 0.974419757908
0 0.209184654277 0.274008888705
0 0.385178932189 0.672867989413
1 0.699977764308 0.10993221822
0 0.333000638172 0.739931901006
1 0.469180855355 0.23966870221
0 0.114574297819 0.235811698285
0 0.21982873715 0.440773764597
1 0.430872712307 0.0277966105406
0 0.151765724728 0.307291512389
0 0.242260552052 0.857932012655
1 0.991319229917 0.327836448677
0 0.407092086371 0.483231796743
0 0.713248159936 0.648676100212
1 0.939529144307 0.557643378566
1 0.629225307233 0.575141810313
0 0.0441974956394 0.402062302171
0 0.0617252037311 0.866836455079
0 0.204455930295 0.889013920232
0 0.133290461985 0.403081308542
0 0.00688047291185 0.982211074253
1 0.773480453154 0.552501651123
1 0.592326663139 0.212278022805
0 0.653380382626 0.921018833584
1 0.994114893876 0.376602802138
0 0.073398604767 0.924306971597
1 0.575410937861 0.202304367362
1 0.843929867504 0.396409376659
1 0.855837479012 0.161299895593
1 0.788949970429 0.203924741698
1 0.300078988884 0.114541363015
0 0.474972977629 0.601006705375
0 0.156055319229 0.428038104405
1 0.905300288774 0.250480634086
0 0.132279477717 0.524256113891
0 0.531747910066 0.831028332489
0 0.184719332613 0.478848232353
0 0.0706454187489 0.772428541655
0 0.237315398551 0.694366090482
1 0.96185704013 0.94721103499
1 0.643490939171 0.541364474906
1 0.395110543052 0.171731623123
0 0.231848074176 0.954892590196
1 0.73173027147 0.662252047737
1 0.858758652479 0.611933534726
0 0.671307625427 0.770208585886
0 0.94093452405 0.410050449699
1 0.658509272281 0.189280339639
1 0.402703145575 0.332712122381
1 0.841898941775 0.00609999585252
0 0.345123474348 0.912226766654
0 0.617712179434 0.869532579337
1 0.889925453842 0.202763081803
0 0.288230035691 0.731686899111
0 0.635360253969 0.421912864196
0 0.469571192234 0.836344350803
1 0.967909126201 0.0708694527646
1 0.715152875779 0.198938094537
1 0.318830059127 0.239554381286
0 0.155477725031 0.725355887084
1 0.610095616403 0.288220079482
0 0.172411491426 0.427897607481
1 0.705167640503 0.379323280945
0 0.277736017788 0.673615627022
1 0.922962827144 0.389360867721
0 0.0513988488755 0.632704638043
0 0.0885005847156 0.939063518481
1 0.888337584896 0.863650355129
1 0.232690438802 0.0339877389563
0 0.154079235785 0.491593276844
1 0.565110441691 0.371354850069
0 0.0376346136206 0.087968390378
0 9.71390354312e-05 0.382043146235
0 0.133061309538 0.202185406349
0 0.573582442599 0.911197647131
1 0.0966100881765 0.789783716946
1 0.722686927966 0.44443642225
1 0.691200214808 0.209830572835
0 0.234465380131 0.581525196648
1 0.239509106122 0.265219199975
0 0.644672091103 0.803528843311
1 0.710020966717 0.0826967708063
0 0.201397298442 0.574228391643
0 0.39971321357 0.930096361385
1 0.98664388759 0.0155182183165
1 0.40098897414 0.290295892129
1 0.57436400817 0.266935540806
0 0.340304997324 0.399260014284
0 0.0453451308182 0.0998947940914
1 0.530615256187 0.276831621181
1 0.397851155457 0.301751414436
0 0.198090948929 0.446414480511
0 0.2911794178 0.843088903605
1 0.193782622449 0.314064384198
1 0.616604707307 0.388849257674
0 0.263677220343 0.905336355316
0 0.14708043222 0.578010280191
1 0.790157425226 0.665483864055
1 0.816472130469 0.505204096341
1 0.995332213185 0.546981028473
1 0.868023591306 0.510427031075
1 0.197684943397 0.141481119205
1 0.278785994151 0.670922786129
1 0.99910343565 0.657931218122
0 0.420734621551 0.900282950513
1 0.108093665009 0.0879200260859
0 0.214810878583 0.596799428013
0 0.0358800533374 0.722540131218
1 0.728795510992 0.278380246309
0 0.0264617342587 0.942843446421
0 0.0528452582454 0.512759047981
0 0.08028973417 0.336220164
1 0.870238725633 0.553431885173
0 0.0790478004824 0.592048149309
0 0.324969776159 0.888478950481
0 0.0483647383831 0.529154753721
0 0.867558025223 0.931374339867
0 0.581602847 0.698441458053
0 0.10955106841 0.571965500022
0 0.284858430644 0.65765549403
1 0.920070355973 0.419981371784
0 0.201529323017 0.926113088024
0 0.54835894574 0.720535292329
0 0.694743227873 0.804573481836
1 0.0985512332433 0.164907366467
1 0.855308439015 0.415832947398
1 0.799622117046 0.339986497108
0 0.199839130591 0.417714451349
1 0.684850616183 0.205884571012
0 0.355245727854 0.879113477078
1 0.810080503733 0.311893385127
0 0.248003082866 0.626772539458
1 0.377337870432 0.0277963812197
1 0.430532078594 0.125946847342
0 0.393631302022 0.419323718832
0 0.201382261592 0.646854636747
1 0.668129863561 0.492646243153
1 0.422402502836 0.0583188233888
1 0.842552775879 0.154962893692
0 0.0725248246477 0.125821213768
1 0.789541519605 0.333540399086
0 0.366075035061 0.927649027931
1 0.634504534045 0.323282820155
1 0.323489690079 0.208258050886
1 0.611607685624 0.470295906685
1 0.723063350051 0.46030445258
0 0.354622268745 0.452504229269
0 0.283636689301 0.95985257992
0 0.511427035239 0.534712681907
0 0.153603766499 0.65729863597
0 0.17158953633 0.90919704167
1 0.489484922687 0.162510362033
0 0.0967892797799 0.270170419771
1 0.931637376486 0.62822875752
1 0.277828964586 0.224253566098
1 0.351571087484 0.0592909476855
0 0.291489730945 0.968859679987
1 0.804463112789 0.303887714931
1 0.454334757926 0.490960369123
0 0.0131086580494 0.809195247289
1 0.471165808838 0.06474988999
1 0.506177790284 0.458762340738
0 0.132978771936 0.840488673568
0 0.566424545813 0.977992826753
1 0.556355521585 0.330694372181
0 0.266482217862 0.848583685016
0 0.0781880433376 0.919616944206
0 0.27776294525 0.996684782087
0 0.0163204556727 0.184170140964
1 0.663303153324 0.650446238785
0 0.0576817604007 0.113662258349
1 0.790493337077 0.291771990351
1 0.574819592531 0.052199464289
1 0.984359506977 0.324269002236
0 0.292046198411 0.665969380322
1 0.342882505421 0.0391997260937
0 0.28509877429 0.305118879114
0 0.742767321519 0.536227631553
1 0.913455726891 0.415217147988
0 0.167650356775 0.281647298437
0 0.312837671232 0.9972822702
0 0.727768177178 0.214419824995
0 0.523493805107 0.757087968428
0 0.70720071343 0.00856267463394
1 0.317219708775 0.0722628421681
0 0.32022731105 0.465696253979
1 0.186973392186 0.366376752749
1 0.885677784608 0.38157964973
1 0.908535277818 0.150113180955
1 0.402499603132 0.0943208721142
0 0.12903490898 0.343077291624
0 0.572165836938 0.761861932801
1 0.955200125344 0.760664964711
1 0.585158808741 0.999502575366
1 0.304160103983 0.0967018379678
1 0.250001670724 0.461881566972
1 0.998464883666 0.279210088446
0 0.358706385339 0.865380692949
0 0.125647520733 0.326344664342
0 0.354380276717 0.526978448534
0 0.0634483085717 0.710504857456
1 0.728343965318 0.399079796883
1 0.946255618547 0.643750913481
0 0.144730640275 0.74508872422
0 0.136393932923 0.450852346147
0 0.841183128985 0.87937722771
0 0.130827069843 0.137824820616
1 0.668256486915 0.27766841022
1 0.689542861141 0.141122929617
1 0.820658188239 0.386161171024
0 0.107166816062 0.693881539226
0 0.93572106628 0.385982570429
1 0.5942985189 0.463418203545
1 0.42559511151 0.319246481146
1 0.795468742563 0.395126372
1 0.507382600634 0.244872727522
1 0.883422463856 0.517423185952
1 0.526504865936 0.114970916212
1 0.68102770817 0.427016492457
1 0.346828436005 0.114125275986
0 0.0939952419861 0.210594834219
0 0.731756071084 0.92128054651
1 0.682660461739 0.357796993436
0 0.127862135205 0.152887821798
1 0.270598926866 0.0434087219313
0 0.111849356946 0.167765903091
1 0.469217183843 0.310857689059
1 0.940402484962 0.651042479304
1 0.718098638022 0.872346860493
0 0.682810507244 0.939445304047
0 0.79715983082 0.83126783357
1 0.922309670022 0.510171581044
0 0.230286679704 0.596311515941
1 0.300775225031 0.296388724755
0 0.374791926315 0.768777623686
1 0.184358594457 0.0795560203721
1 0.79923189539 0.461012530128
1 0.230338635003 0.0352914903299
1 0.936365939295 0.838859442063
0 0.59742143206 0.657400317559
0 0.253311338871 0.548945413989
1 0.336164721035 0.125860832661
1 0.994253947662 0.311374565893
1 0.666664017976 0.608803805267
0 0.358741184699 0.390437218676
1 0.631440197034 0.490245237838
1 0.64093355119 0.232724865453
0 0.0601579391776 0.507468991949
0 0.657619329563 0.685446592699
1 0.714176986565 0.690116384364
0 0.299998760528 0.506618236496
1 0.160921594776 0.091865602309
0 0.946022477857 0.992779602967
1 0.20683037937 0.147500700747
0 0.47215990518 0.708167425873
1 0.43524039703 0.319414589939
0 0.13276669813 0.640920858807
0 0.626044248333 0.986081706881
0 0.0956387309209 0.759720532992
1 0.462761990858 0.36170572827
1 0.958659603044 0.725350023594
1 0.865059608807 0.100844193464
0 0.273973212526 0.322750626658
1 0.390160597491 0.318069573412
1 0.748509280389 0.545437105153
1 0.876959945203 0.549716579417
0 0.855393569297 0.731383666754
0 0.0844485493989 0.781106547936
0 0.556310285695 0.888479033663
1 0.277228303343 0.199723690795
1 0.434471033026 0.187653047605
1 0.669681435803 0.053823977319
1 0.55348200373 0.504547417971
0 0.49981402921 0.786811560607
1 0.673468144776 0.0932606669892
0 0.564554054588 0.627501421505
0 0.651107089408 0.949773506689
0 0.0174677731306 0.18394466182
0 0.0205263341848 0.190179089702
0 0.980467726476 0.936173056086
0 0.34771604182 0.851744696324
1 0.900555369292 0.84777308414
0 0.718693603671 0.97868714996
1 0.387079176878 0.357142453238
0 0.301887635278 0.701552025009
0 0.119928501353 0.907800878183
1 0.961125650179 0.950242492211
0 0.747805142264 0.995908570764
0 0.455254827154 0.617980672702
0 0.175855231854 0.879934299508
1 0.981885189156 0.437670496365
0 0.323364703612 0.870850802581
1 0.497287552946 0.0887127300977
1 0.582014689636 0.226743625225
1 0.764690294797 0.592192124814
1 0.770429094026 0.148116011789
0 0.136443004629 0.330451793975
0 0.142772568046 0.725546906681
0 0.386316489827 0.374375295225
0 0.621682058051 0.555004477033
0 0.227019002362 0.665227461957
0 0.138779276849 0.58349401693
0 0.264648278795 0.325259149798
1 0.468777657994 0.0399072018101
1 0.758312322517 0.162623912704
1 0.545184578614 0.540386752158
0 0.228002491522 0.541825886299
1 0.801284578929 0.563407559721
0 0.301978082302 0.466292613739
0 0.506570198481 0.393788962154
1 0.222194853225 0.142931127598
0 0.179158247039 0.366812885798
0 0.182736917161 0.248973995775
1 0.856977271751 0.165375546934
1 0.834884841627 0.821745655115
0 0.253586921208 0.195083446999
1 0.501263151533 0.0707289214719
0 0.285093666032 0.177606404566
0 0.398097699087 0.652049305703
1 0.730910515285 0.556280419361
1 0.940378771931 0.478931299208
0 0.561668691024 0.934722359275
1 0.457509047189 0.3221937681
0 0.0229554897206 0.42057495074
1 0.31162536295 0.00280898015975
1 0.614851946798 0.00365637255294
0 0.907350903485 0.913190354579
1 0.909877596434 0.348716449287
1 0.59137343848 0.564717785552
0 0.452014556916 0.615044584342
0 0.664065721932 0.907892960173
0 0.342344128283 0.566580704224
0 0.800246556579 0.909143180652
0 0.540776228605 0.846712452361
1 0.974289121848 0.933365850202
0 0.085844630594 0.659806469503
0 0.119809097972 0.859671414612
1 0.515422177565 0.0950919769057
1 0.920000844032 0.903932896684
1 0.82162823033 0.667015419675
1 0.899413638952 0.0139763443068
0 0.0887303217381 0.834564599754
0 0.493178128274 0.880706834886
1 0.795857393994 0.544864368042
0 0.113685103698 0.857318920275
1 0.29531813738 0.0308063026814
0 0.508058027757 0.309048884461
0 0.208019579159 0.408504965665
0 0.0537086493138 0.839995179141
0 0.0325412302807 0.739896856318
1 0.7558322644 0.415996108611
1 0.44806071756 0.393735270599
0 0.394965012081 0.999249094363
0 0.136643342936 0.315434773497
0 0.0818484655282 0.926759880715
0 0.631358083212 0.705312599058
1 0.812787585201 0.890416711483
0 0.628597611634 0.698588564589
1 0.09193129607 0.0849906842901
0 0.339372816666 0.638750289389
0 0.426513059112 0.945240903945
0 0.0531712267649 0.652500614534
0 0.673861224369 0.682568584917
0 0.358235621122 0.930378694154
1 0.998629476481 0.866692044491
0 0.466031670118 0.751223519084
1 0.505731976743 0.392389630673
1 0.72748688492 0.0570609028237
1 0.964806639842 0.569290939233
0 0.305970088053 0.766246261004
1 0.983627002607 0.157527218758
0 0.00379356337206 0.0682130458122
1 0.411284361865 0.199684501069
0 0.0216161265163 0.206192727047
0 0.478616634112 0.417689318796
1 0.756731914078 0.128918499466
1 0.673792898597 0.319184392432
0 0.313989139629 0.871205645931
1 0.571802180024 0.363297525671
1 0.832193132137 0.484473062804
1 0.638956621015 0.0130108928449
0 0.648938025774 0.876947420473
1 0.551912501068 0.323230239899
0 0.333362262331 0.433382253531
0 0.33580215876 0.753141819806
1 0.614581492108 0.18635615596
0 0.0360647982903 0.661473111475
1 0.816888324248 0.417130467978
0 0.227637808603 0.527308373714
1 0.857618714991 0.0713446394066
0 0.200121843856 0.220627783713
1 0.344926996447 0.136148877009
0 0.207842590996 0.628936815637
0 0.802861835895 0.997454299061
0 0.94505372906 0.781213478551
0 0.491020459983 0.0972226105226
1 0.776809577748 0.150699324094
0 0.707815307134 0.945673297178
1 0.783386711349 0.236135119934
1 0.836215327541 0.100560624258
0 0.369860266327 0.571135542519
0 0.817167530272 0.822483366174
0 0.192347155733 0.930133487623
0 0.152551143063 0.462864083187
0 0.0566660970689 0.730297911922
0 0.0477494171291 0.390126493036
1 0.575137397986 0.0188652861754
1 0.99748899578 0.810351505709
1 0.671923782146 0.340642719393
1 0.869540264088 0.180928163408
1 0.0169311301527 0.159848098578
0 0.0742370907487 0.118193985317
1 0.809271081532 0.277562877613
1 0.540747610886 0.00700534756793
1 0.862978040238 0.577554790488
0 0.0371357068718 0.911783561754
0 0.0752731040261 0.953311118278
0 0.933327306232 0.927288967526
1 0.851407237807 0.513052604382
1 0.256140830779 0.224301403338
0 0.32949194436 0.337632924716
0 0.295295276788 0.888517365437
0 0.275170210428 0.363937082542
0 0.215620197378 0.0112720333
0 0.831757244074 0.913468854141
1 0.819187285571 0.176263327214
0 0.0124755367349 0.325405264113
0 0.190918847544 0.218668621349
0 0.754076997736 0.613725768514
0 0.0628667675379 0.867161719035
1 0.727710778409 0.308675731407
0 0.556738631469 0.982568246512
1 0.234432998214 0.0371019438047
0 0.0505432179071 0.419086458075
1 0.358253327827 0.161150409805
0 0.0499950253999 0.16140603381
1 0.927288174198 0.207704456141
1 0.614892565985 0.555045846486
0 0.605937339159 0.898748245732
0 0.213758066947 0.620991479239
0 0.439995095623 0.880190392588
1 0.646350149882 0.554669019865
1 0.786159299042 0.653110422758
1 0.426524668789 0.28403549107
0 0.6978447792 0.890698364972
0 0.642647982226 0.741143093317
1 0.673615491677 0.0761113441515
0 0.0280112476176 0.779889679044
0 0.220850400469 0.300404788872
0 0.357968535953 0.451251555783
1 0.463636433384 0.0454745083712
1 0.923332790777 0.745866864837
1 0.840959222922 0.114187230152
0 0.289857383486 0.396731847192
0 0.0545835765376 0.232596827468
0 0.16170434064 0.949858745742
1 0.719562812086 0.460140183627
0 0.602786803568 0.471842322359
0 0.328103943142 0.597383651216
1 0.523669874507 0.800184198061
1 0.940902782101 0.50503269752
1 0.670102050726 0.696473509425
0 0.768901896869 0.854460777434
1 0.773319157466 0.760869194157
0 0.626956418502 0.90261147397
0 0.0263337903074 0.232405308079
1 0.880384459806 0.418653268308
0 0.464654577528 0.581312075421
0 0.0759707121237 0.428673553731
1 0.745511652281 0.199114167299
1 0.921424040294 0.741558348191
0 0.402204161723 0.748021939016
0 0.211335359091 0.864566961153
1 0.693216744487 0.0737448901158
1 0.189856882982 0.0788483862388
1 0.813581197529 0.189783585958
1 0.751083188719 0.615260183246
0 0.0406672957731 0.914065503769
1 0.499631878958 0.0341233689651
1 0.76400567735 0.272874075866
1 0.665879749966 0.0462479775758
0 0.022359826341 0.796240756397
1 0.423525592503 0.265628299367
0 0.307742661771 0.907164437708
0 0.196382518689 0.781494774635
0 0.146262987188 0.464877971471
1 0.900597467669 0.357062861662
1 0.942596455249 0.407677277825
0 0.108649699317 0.201703912444
1 0.651082413322 0.306189432462
0 0.216401866546 0.45545628724
1 0.180342164571 0.632648492529
0 0.314264674939 0.355525469972
0 0.228280948326 0.863611328861
0 0.398576427063 0.820714905345
0 0.608872327965 0.983581464581
0 0.188163560424 0.442810963991
0 0.790452460956 0.991482431663
1 0.97791722536 0.60941405476
0 0.912468427978 0.95129724189
1 0.89453397012 0.288185883902
0 0.797089885676 0.938078710446
0 0.26531560829 0.837303985514
1 0.986574891895 0.146814667928
1 0.618137072231 0.0304149626369
0 0.558618157488 0.391301596023
0 0.442848303271 0.836386803823
1 0.457307567306 0.419497077813
0 0.317829454428 0.743722880706
1 0.789634826365 0.414195966598
1 0.947178388729 0.508092448902
0 0.611619887129 0.816207684478
0 0.968643407297 0.99916180771
1 0.311484618396 0.276300206471
0 0.348261536669 0.414320847998
0 0.403350035709 0.515150792031
0 0.224508960116 0.518252611807
1 0.361956865344 0.0379894770244
1 0.71246704555 0.554359423584
0 0.236211747867 0.479579279393
0 0.345451854619 0.584106112652
1 0.632130275732 0.29231474612
0 0.0436890653883 0.0632546173941
0 0.20990141688 0.91774876153
1 0.652334570771 0.713687105001
1 0.901164543117 0.52738467685
1 0.783023137907 0.258108296241
0 0.516746290708 0.998731306287
0 0.896464457034 0.992164209958
0 0.468354880079 0.704261998485
0 0.464800161081 0.611179490782
1 0.836225202615 0.636283936626
0 0.795368944942 0.846858152657
0 0.323704264161 0.810089223268
1 0.912548666222 0.274866799322
1 0.596134494159 0.407400423334
0 0.163927742609 0.205660201787
1 0.741976390676 0.0806076931074
0 0.850216845747 0.890331289748
0 0.0651531602873 0.897426902935
1 0.601439062917 0.159644557236
1 0.590855147535 0.565307822463
1 0.909969084269 0.459866774654
1 0.619400701942 0.618684415865
1 0.989520866036 0.84579872214
1 0.906043456605 0.317941852099
0 0.252756362853 0.78128963535
1 0.906905739329 0.16346416493
0 0.038518832467 0.973895183716
0 0.0623356358885 0.346399704525
0 0.0587727666821 0.102262958871
0 0.254782680183 0.820682512329
1 0.394943877557 0.993764698605
0 0.900360636702 0.922756745054
0 0.929016557682 0.962545652373
1 0.724395765833 0.427685829097
0 0.354474227734 0.634626294658
1 0.225179804968 0.179189400807
0 0.731970705562 0.915684540113
0 0.0607211508478 0.374494491849
0 0.0168539634943 0.901088556248
0 0.185992806074 0.342951760257
0 0.311957175027 0.398557679302
0 0.156204868714 0.888151844704
1 0.909269955561 0.246636924927
0 0.933855960183 0.951375452039
1 0.152709277769 0.0824832082896
1 0.284496056511 0.151463921675
0 0.556538700493 0.643756841991
1 0.457901640397 0.221621079638
0 0.813495040487 0.82498180809
1 0.775091263654 0.203725571872
1 0.744304999571 0.355470139796
0 0.0369170482178 0.878382248227
1 0.822013000866 0.47417456237
0 0.623814863767 0.632280568583
1 0.329522090256 0.251545117112
0 0.171157287744 0.475061659651
0 0.512362778741 0.649753702626
0 0.125929357465 0.544103667495
1 0.457328345328 0.0499375259943
0 0.113804376208 0.778140439943
1 0.440005706036 0.0696355073989
1 0.584105651101 0.330997864689
0 0.80332575801 0.371697087509
1 0.543069092856 0.468517423358
0 0.0673635907616 0.975492894221
1 0.419720645642 0.0735837575077
0 0.647280971523 0.650622186473
1 0.631497868475 0.248715481733
1 0.0275299130011 0.0151766840143
1 0.476227883199 0.21942689234
0 0.182001511637 0.439754954214
0 0.636215893311 0.90656854968
0 0.279996465663 0.909005210481
0 0.160514799448 0.622197232457
0 0.278556278725 0.41937891525
0 0.6229436948 0.866771733967
1 0.908448391776 0.634000762084
1 0.938361660623 0.631868941284
1 0.664026803532 0.517877186437
1 0.686256064989 0.0571435862053
0 0.540263023194 0.169732882061
1 0.719744995316 0.713822717448
1 0.68458768382 0.270279178356
0 0.222168651756 0.79751144451
1 0.811673543569 0.210811997621
1 0.650521135796 0.447241174234
1 0.775157964707 0.283417726797
0 0.21516391354 0.260820549633
1 0.237132718292 0.0691763584916
0 0.709706310432 0.725049296421
1 0.375813032437 0.115234022771
1 0.502801415826 0.018970059967
0 0.127109502883 0.416304695961
1 0.495245860984 0.247330102858
1 0.401912084333 0.353246898947
1 0.755531691984 0.626003698735
1 0.570534121175 0.564743602797
1 0.65174721451 0.0751231839154
1 0.831051869559 0.989633324729
1 0.912853873349 0.550080157695
1 0.767016398034 0.165856846611
0 0.570596364308 0.703261486644
0 0.615732675217 0.850693310633
0 0.997355142264 0.938148962092
1 0.7768453529 0.287458484249
1 0.439645866698 0.162661418422
0 0.409209571958 0.663778799994
0 0.127358340282 0.805084795053
1 0.832551457281 0.499321150415
0 0.36567939751 0.612816595461
0 0.491633399805 0.779832780709
0 0.0991622430194 0.97952675798
0 0.43936270123 0.441466269176
1 0.537835619401 0.998241217487
1 0.691923481408 0.647140879012
0 0.267783674256 0.575872947114
0 0.971177041621 0.107505858486
0 0.590534773959 0.611577927151
0 0.200019571431 0.67407945011
1 0.218200472901 0.213774040193
0 0.116113387641 0.121886482946
1 0.0434949441324 0.0137769449858
1 0.95547798495 0.62338790484
1 0.992595760855 0.378421581753
0 0.00209747486184 0.888431067934
0 0.315033185334 0.826082152949
0 0.0705427761873 0.649575237088
1 0.730961895361 0.28483570177
0 0.74071333862 0.819227132032
0 0.281126609587 0.701224291873
1 0.456808622675 0.294637363933
1 0.639613485257 0.310092635615
1 0.6183678147 0.462095303293
1 0.370680783718 0.86113959266
1 0.67939909218 0.45371799036
0 0.418438725373 0.666435265602
1 0.406439097514 0.572257938385
1 0.837485543662 0.35471331664
0 0.299466372868 0.609549373355
0 0.0782556693711 0.562958769658
0 0.382680065045 0.650383737837
1 0.59569542112 0.223037803951
1 0.92197047094 0.624873667783
1 0.729946850585 0.374501479672
1 0.921774398649 0.153108342046
1 0.769481818788 0.36859906182
1 0.480971263893 0.0782216097235
1 0.715655788533 0.42597647463
0 0.859327511614 0.924260401679
1 0.929363316048 0.491957577271
1 0.984015720994 0.442727629314
1 0.992481159118 0.855174631163
0 0.745619094769 0.795589150017
1 0.519627157396 0.233068974806
0 0.645659211992 0.891000481516
0 0.626088597351 0.728922809567
1 0.424352840208 0.223655404003
0 0.554100693865 0.900306166311
0 0.733912016087 0.941771945209
1 0.206839952705 0.0441079033678
0 0.369717813658 0.514002098457
0 0.476018243544 0.957721301086
0 0.177770700633 0.46683455739
0 0.170584934197 0.647780662981
1 0.69236284135 0.441581717779
0 0.463938223141 0.765522218628
1 0.221188299677 0.0905371543616
0 0.306201022458 0.685335195782
1 0.771610729017 0.154099388529
0 0.459719504784 0.687966379543
1 0.906131852761 0.602860159337
0 0.492225086495 0.918702537553
0 0.557156421826 0.688980704321
1 0.796777137958 0.178247415324
0 0.23897705064 0.682402858112
0 0.18438304246 0.964290552034
0 0.0483650507311 0.0590104749259
1 0.73638514621 0.432037319325
0 0.308236970954 0.313747272005
0 0.0273978570738 0.894801988712
1 0.615968446233 0.0266218355253
1 0.629397130543 0.433738338854
1 0.56564644981 0.0044068077445
1 0.115280900094 0.0122967549982
0 0.159560991944 0.459063055316
0 0.197439760392 0.302492752973
1 0.56809174925 0.099795032138
0 0.734622201056 0.735244304934
1 0.999454053384 0.0154940026332
0 0.0836138578089 0.568734004621
1 0.755421952312 0.0101290989385
0 0.167557958647 0.14480037231
0 0.0425696426198 0.177430318259
0 0.217111709566 0.733426484229
0 0.657914764562 0.850581097841
0 0.129086231892 0.66905476659
0 0.136950400032 0.187393470193
1 0.561392279929 0.240087672419
1 0.420970456891 0.34004583473
1 0.932382984188 0.41651952173
0 0.0114164678843 0.210847245913
0 0.303819556899 0.638487880027
1 0.530834548215 0.290926192524
0 0.457318878251 0.680084763866
0 0.222879704053 0.563797213438
1 0.488512983443 0.468837538083
1 0.876911761583 0.0368506609273
1 0.965770810875 0.342763787306
0 0.0550832261693 0.571806132583
0 0.415545357371 0.879145754864
0 0.355618019424 0.40700947314
0 0.433404061906 0.771087604975
0 0.269971211359 0.723578771491
1 0.681925711718 0.108754062241
1 0.263870697336 0.310341046598
1 0.212575761352 0.158657957968
0 0.253223176232 0.638296796095
1 0.395807561951 0.823642650633
1 0.516332427042 0.184556115524
0 0.353890213385 0.636979836732
1 0.967598826141 0.435277572136
0 0.747790550297 0.759255255585
1 0.518512360677 0.00644424429061
0 0.16855198411 0.646470083342
1 0.193691724566 0.180803981901
0 0.233554984626 0.258753932379
0 0.812685734534 0.900235212775
1 0.472272445756 0.191616574133
1 0.507001517374 0.15342166455
0 0.537140388949 0.832210735998
0 0.243795963523 0.676642095182
1 0.259817437729 0.24202640995
1 0.587226414657 0.401207632391
1 0.852822375882 0.069467142971
1 0.973056230725 0.420780644466
0 0.582506912903 0.815770731281
0 0.0169410462281 0.531884578675
0 0.0388189212328 0.416466135143
1 0.784219241999 0.416885034443
1 0.534585601458 0.469635616935
0 0.137083665983 0.880358098061
1 0.444088687084 0.000621227928822
0 0.297536438552 0.439276777004
1 0.769504255672 0.038197921306
0 0.164051605563 0.34815048103
0 0.241830378287 0.251772475253
1 0.580512996569 0.025813527214
1 0.321874094836 0.0477632516837
1 0.601660757971 0.340424900579
0 0.088928197018 0.703501324962
0 0.106985620209 0.373586378266
1 0.735717490182 0.432667648078
0 0.623449025297 0.419652587191
1 0.562912064603 0.531368717737
0 0.695535103797 0.980107033726
0 0.330284178542 0.707232655721
0 0.246162233619 0.511598710124
0 0.055121292065 0.681193775154
0 0.459634605647 0.846112015107
1 0.973634847639 0.124099777341
0 0.150222891863 0.995998107324
1 0.901143589966 0.329649009614
1 0.965096074364 0.470680917431
1 0.894902927661 0.76740494714
1 0.898671971634 0.510294357832
0 0.144907292171 0.893788742129
0 0.690877044441 0.730416453485
0 0.83482030909 0.860693083229
1 0.768815428187 0.60206751822
1 0.87873538206 0.708566219315
1 0.850412308234 0.731223920432
1 0.520218536358 0.26960316192
1 0.880849149269 0.84402219111
0 0.113189513476 0.615178883235
1 0.753846080425 0.423488764133
1 0.573907560948 0.469490292537
0 0.344382462546 0.357445338511
0 0.156986556293 0.24020587001
0 0.573680285861 0.84156041693
0 0.344372646744 0.434113014405
1 0.272165265242 0.229740298107
1 0.869370141957 0.847497465004
1 0.903371832044 0.645834207574
0 0.0847922201601 0.495065960437
0 0.199606749205 0.988554359066
1 0.575037202599 0.735188723857
0 0.0625988491579 0.221775480739
1 0.857403191704 0.648261793575
0 0.0586463008709 0.85690363734
1 0.752848522992 0.678120007314
0 0.179582370513 0.769864182046
1 0.71963668841 0.251229688357
1 0.707414537192 0.638740566177
1 0.581778553329 0.236033540107
1 0.659968046344 0.0784549240733
1 0.709423130315 0.281281015319
0 0.495718556101 0.78786077819
1 0.905780419666 0.769929407028
1 0.962064400481 0.522040874333
0 0.276628944906 0.783846216175
1 0.885417668696 0.548066878863
0 0.410579117713 0.83712758151
1 0.711296840319 0.713992103243
1 0.956527773103 0.72565406453
1 0.390703446039 0.0759323734799
0 0.274054355467 0.868157975299
1 0.759713422428 0.708828076884
1 0.447395162763 0.115106160032
1 0.853272992388 0.287469285469
1 0.367289117662 0.0500653017983
1 0.0418453098428 0.0152867673118
1 0.603777422345 0.213011127603
0 0.461225076199 0.0606940492342
0 0.287786277099 0.725157898234
0 0.616387181008 0.836341222812
0 0.679132948752 0.829180266466
0 0.267737511332 0.0703470767321
1 0.895128755217 0.230367142867
0 0.100206409918 0.730976652299
1 0.750124795309 0.675942596593
1 0.65539489544 0.313197580651
1 0.681498611437 0.953563512596
0 0.561008899853 0.188239238519
1 0.997891363057 0.115828215161
1 0.911869082169 0.30218838637
0 0.4055875812 0.479001327851
1 0.647636325706 0.587639241614
0 0.0473469517793 0.413073892675
1 0.852067208413 0.705659531439
1 0.675307654358 0.53670591787
1 0.171045400138 0.0126612758257
0 0.154129678884 0.128182147757
1 0.643778399985 0.250520137973
0 0.293675638632 0.830653002669
1 0.204976765005 0.0366308403529
0 0.132265901687 0.176519804843
1 0.756989247361 0.0937325262532
1 0.810163031889 0.398985409442
0 0.152554370866 0.235422770303
1 0.968070608085 0.142280894047
1 0.946580772927 0.776408167296
1 0.708223778205 0.513538959551
1 0.953596486506 0.174348750779
0 0.135673127084 0.202720016836
0 0.701054754549 0.93543358196
0 0.457244801277 0.75028744165
0 0.344117627842 0.887898443476
1 0.83023120763 0.533208309327
1 0.9528873451 0.913536952525
0 0.606011102543 0.776305291633
1 0.721699870498 0.372198825827
1 0.588073316052 0.401041740596
0 0.31556027776 0.945089357167
1 0.696303498947 0.262892624771
0 0.795971903752 0.181412008329
0 0.356249367304 0.758959898006
1 0.890601572274 0.263733201761
1 0.793062927451 0.0302004516856
0 0.46158144925 0.821927935837
1 0.567905344856 0.12819184941
1 0.84345714894 0.410626111033
0 0.349258086065 0.417381868284
1 0.880425767826 0.862016401074
0 0.306502388854 0.422552856426
1 0.573567464082 0.129527826847
1 0.343535546011 0.128990365415
0 0.983652944171 0.601626273362
0 0.318236160602 0.839712456281
1 0.678102726068 0.170072025761
0 0.607880354765 0.790730706225
1 0.854753702885 0.607209095232
0 0.25114317519 0.730267896396
0 0.0727405510735 0.981416238763
1 0.504868469581 0.177830818283
0 0.157098245305 0.388912115618
1 0.99119103374 0.738777072694
1 0.608834768473 0.842424072406
1 0.893930242819 0.542215023349
1 0.721182950773 0.330438550191
0 0.00548995491623 0.896521569125
0 0.577291806581 0.990864382112
1 0.935289672524 0.37302721254
0 0.118424039435 0.839596010766
1 0.981054024315 0.41128945518
0 0.867506804003 0.983547429174
0 0.901710547655 0.944908846243
1 0.555565538442 0.265306400254
0 0.202019254265 0.660064185707
0 0.351288204209 0.726909239551
0 0.611319471128 0.928158619854
1 0.52185227196 0.0762087339833
1 0.475013336376 0.683495597661
1 0.815401954029 0.583553919916
0 0.213440048469 0.195982817482
0 0.396441242727 0.499993078504
0 0.160409807272 0.323134401787
0 0.344588915634 0.607189617347
0 0.099291069795 0.758262985631
1 0.854517321012 0.136407560091
1 0.6358632801 0.102206335785
0 0.212230119713 0.762681441246
0 0.34538244219 0.855914618238
1 0.814142558377 0.784731614158
0 0.347289477157 0.357020864828
0 0.0411396888494 0.515838004116
1 0.545690208566 0.151547280278
1 0.817152845723 0.54728466644
